-1.000000 38.655
-0.980042 26.877
-0.970043 21.455
-0.960043 18.332
-0.950043 16.391
-0.940042 14.88
-0.930042 13.688
-0.920043 12.882
-0.910043 11.971
-0.900043 11.385
-0.890121 10.803
-0.88012 10.383
-0.87012 9.9636
-0.860121 9.6059
-0.850121 9.2102
-0.84012 8.9908
-0.83012 8.6856
-0.82012 8.452
-0.810121 8.3519
-0.80012 8.185
-0.79012 8.142
-0.78012 8.0705
-0.77012 8.142
-0.76012 7.9752
-0.750198 8.0133
-0.740198 8.0276
-0.730198 7.999
-0.720198 7.9656
-0.710198 7.9895
-0.700198 8.0801
-0.690198 8.0324
-0.680198 7.9704
-0.670197 7.9895
-0.660198 8.0085
-0.650198 7.9942
-0.640198 7.9752
-0.630198 7.9513
-0.620197 7.9465
-0.610275 7.9132
-0.600276 7.9036
-0.590276 7.8369
-0.580276 7.732
-0.570275 7.8369
-0.560275 7.751
-0.550276 7.7463
-0.540276 7.7987
-0.530275 7.7892
-0.520275 7.8452
-0.510275 7.8702
-0.500276 7.9227
-0.490275 8.1277
-0.480275 8.3614
-0.470353 8.5712
-0.460353 8.9098
-0.450354 9.4486
-0.440353 9.9302
-0.430353 10.359
-0.420353 10.812
-0.410353 11.065
-0.400353 11.122
-0.390353 11.151
-0.380353 11.084
-0.370353 11.132
-0.360353 11.218
-0.350353 11.194
-0.340353 11.17
-0.330353 11.17
-0.320431 11.032
-0.310431 10.955
-0.300431 10.846
-0.290431 10.684
-0.280431 10.498
-0.270431 10.345
-0.26043 10.107
-0.250431 9.9254
-0.240431 9.7633
-0.230431 9.5058
-0.22043 9.3198
-0.21043 9.0528
-0.200431 8.8287
-0.190431 8.6237
-0.180509 8.452
-0.170508 8.2756
-0.160508 8.142
-0.150508 8.0324
-0.140509 7.9513
-0.130508 7.9179
-0.120508 7.9418
-0.110508 7.9513
-0.100508 8.0705
-0.0905085 8.2374
-0.0805082 8.5283
-0.070508 8.9288
-0.0605078 9.5201
-0.0505075 10.254
-0.0405865 11.218
-0.0305862 12.419
-0.020586 13.826
-0.0105858 15.304
-0.000585556 16.72
0.00941372 18.156
0.0194139 19.672
0.0294142 21.007
0.0394144 21.67
0.0494146 20.583
0.0594139 17.593
0.0694141 14.665
0.0794144 12.219
0.0894146 10.083
0.0993366 8.4663
0.109337 7.2933
0.119336 6.4922
0.129336 6.0535
0.139337 5.8055
0.149337 5.6577
0.159337 5.6052
0.169336 5.6195
0.179337 5.7197
0.189337 5.8579
0.199337 6.0678
0.209337 6.311
0.219337 6.578
0.229337 6.888
0.239337 7.2122
0.249259 7.5555
0.259259 7.9847
0.269258 8.4854
0.279259 9.1196
0.289259 9.9969
0.299259 11.213
0.309259 12.891
0.319259 15.29
0.329259 18.494
0.339259 22.481
0.349259 27.12
0.35926 32.122
0.369259 37.158
0.379259 42.217
0.389181 46.885
0.399181 51.029
0.409182 54.548
0.419181 57.071
0.429181 58.301
0.439181 58.477
0.449182 57.533
0.459182 55.788
0.469181 53.251
0.479181 50.075
0.489182 46.485
0.499182 42.641
0.509182 38.755
0.519181 35.06
0.529103 31.66
0.539104 28.546
0.549104 25.818
0.559104 23.42
0.569104 21.451
0.579103 19.772
0.589104 18.385
0.599104 17.293
0.609104 16.42
0.619104 15.714
0.629104 15.214
0.639104 14.861
0.649104 14.618
0.659104 14.498
0.669026 14.46
0.679026 14.465
0.689026 14.598
0.699026 14.78
0.709026 14.985
0.719027 15.271
0.729026 15.609
0.739026 15.91
0.749026 16.296
0.759027 16.73
0.769027 17.183
0.779026 17.665
0.789026 18.189
0.799026 18.733
0.808949 19.343
0.818949 19.992
0.828948 20.673
0.838948 21.379
0.848948 22.156
0.858949 22.915
0.868949 23.744
0.878948 24.65
0.888948 25.59
0.898949 26.5
0.908949 27.54
0.918949 28.598
0.928948 29.719
0.938949 30.954
0.948949 32.222
0.958871 33.572
0.968871 35.041
0.978871 36.571
0.988871 38.24
1.000000 40.233
END